res11 =

                       0                    -0.5     -0.3054037002801488
                       1     -0.5167492544118317    0.006413807394519244
                       2     -0.5164115415239419   2.501003745436492e-06
                       3     -0.5164114097331801   3.810285420513537e-13
                       4       -0.51641140973316                       0
                       5       -0.51641140973316                       0

res12 =

                       0                       1      0.2052605281314848
                       1      0.9826077281554022    0.009340570687955463
                       2      0.9817371325150148    2.32840705227666e-05
                       3      0.9817349514308014   1.460960241672637e-10
                       4       0.981734951417116  -1.332267629550188e-15
                       5      0.9817349514171161   4.440892098500626e-16
                       6      0.9817349514171161   4.440892098500626e-16

x1 = -0.51641140973316
x2 = 0.9817349514171161