res21 =

                       0                       0                     1.1     -0.1408683532736745      -16.09907299999986
                       1     -0.0134998100947881        1.12277425374094  -0.0001268803060847645     0.08197063639522639
                       2    -0.01352039334140966       1.122683356609144   3.382137236940252e-09   1.378521346850903e-06
                       3    -0.01352039310251955       1.122683354922814   -1.77635683940025e-15   -1.13686837721616e-13
                       4    -0.01352039310251973       1.122683354922814    1.77635683940025e-15    1.13686837721616e-13

res22 =

                       0                     1.6                    -2.8       4.589637320134111        727.953727999999
                       1       1.660027534175728      -2.684153121745436      0.1317936031091751       82.32259370818065
                       2       1.648749715243703      -2.668690117782202    0.001715552980627422       1.305779278454793
                       3       1.648549318417966      -2.668437917997461   4.076413118170308e-07   0.0003426307775953319
                       4       1.648549264084656      -2.668437851904711   3.552713678800501e-14    2.41016095969826e-11
                       5       1.648549264084653      -2.668437851904706  -1.154631945610163e-14  -1.364242052659392e-12
                       6       1.648549264084653      -2.668437851904707    1.77635683940025e-15   9.094947017729282e-13
                       7       1.648549264084652      -2.668437851904707   8.881784197001252e-15   4.547473508864641e-13

x21 = -0.01352039310251973
y21 = 1.122683354922814
x22 = 1.648549264084652
y22 = -2.668437851904707